 hour count
    1     0
    2     3
    3     6
    4     2
    5     5
    6     4
    7     7
    8    11
    9     8
   10     8
   11     6
   12     0
   13     5
   14     5
   15     9
   16     7
   17     7
   18     5
   19     5
   20     8
   21     3
   22     1
   23     4
   24     2
   25     1
   26     0
   27     3
   28     5
   29     0
   30     5
   31    12
   32    10
   33     9
   34    11
   35     8
   36     7
   37     5
   38     3
   39     8
   40     5
   41     7
   42     9
   43    16
   44     6
   45     5
   46     7
   47     7
   48     6
   49     1
   50     1
   51     2
   52     6
   53     2
   54     8
   55     8
   56     7
   57     9
   58    11
   59     7
   60     4
   61     5
   62     3
   63     4
   64     5
   65    14
   66    11
   67     7
   68     4
   69     9
   70    12
   71     5
   72     3
   73     0
   74     1
   75     0
   76     3
   77     5
   78     5
   79     8
   80     9
   81    15
   82     7
   83     6
   84     8
   85     4
   86     1
   87     3
   88     4
   89    14
   90    11
   91     7
   92    15
   93     5
   94     6
   95     5
   96     2
   97     0
   98     2
   99     1
  100     4
  101     5
  102     7
  103     6
  104     7
  105    10
  106     3
  107    14
  108     4
  109     2
  110     6
  111     4
  112     4
  113     5
  114     8
  115     9
  116    10
  117     7
  118     7
  119     3
  120     5
  121     0
  122     0
  123     2
  124     1
  125     7
  126     8
  127     9
  128     9
  129     7
  130    11
  131     5
  132     7
  133     2
  134     9
  135     2
  136     6
  137     4
  138     6
  139    10
  140     9
  141     2
  142     5
  143     5
  144     3
  145     2
  146     1
  147     0
  148     5
  149     4
  150     9
  151     6
  152    13
  153    11
  154     9
  155     3
  156     4
  157     5
  158     6
  159     9
  160     4
  161     4
  162     7
  163     8
  164     8
  165     3
  166     7
  167     1
  168     3
  169     2
  170     2
  171     1
  172     5
  173     5
  174    11
  175    10
  176     8
  177     7
  178     8
  179     7
  180    10
  181    10
  182     5
  183     5
  184     9
  185     8
  186    11
  187     7
  188     7
  189     6
  190     6
  191     3
  192     3
  193     0
  194     2
  195     3
  196     5
  197     4
  198    10
  199     6
  200    15
  201     8
  202     6
  203     8
  204     3
  205     7
  206     7
  207     6
  208     9
  209     5
  210     6
  211     7
  212     5
  213     4
  214     8
  215     2
  216     3
  217     1
  218     4
  219     4
  220     4
  221    11
  222     6
  223     3
  224     9
  225     8
  226     5
  227     3
  228    10
  229     3
  230     2
  231     3
  232     4
  233     2
  234     9
  235     6
  236    13
  237     5
  238     5
  239    12
  240     2
  241     3
  242     2
  243     2
  244     6
  245     5
  246     5
  247     9
  248     5
  249     9
  250     3
  251     6
  252     4
  253     2
  254     6
  255     2
  256     5
  257     4
  258     9
  259     9
  260    13
  261     4
  262     7
  263     3
  264     5
  265     2
  266     0
  267     1
  268     7
  269     1
  270     5
  271     9
  272     6
  273    11
  274     5
  275     5
  276     4
  277     3
  278     0
  279     5
  280     2
  281     7
  282    10
  283     6
  284     8
  285     9
  286     7
  287     4
  288     3
  289     0
  290     1
  291     4
  292     2
  293     2
  294     9
  295     6
  296     8
  297     4
  298     6
  299     7
  300     5
  301     6
  302     5
  303     3
  304     5
  305     9
  306     8
  307    15
  308     9
  309     9
  310     8
  311     9
  312     8
  313     2
  314     0
  315     2
  316     5
  317     4
  318     6
  319     9
  320    10
  321    10
  322     3
  323     8
  324     6
  325     4
  326     2
  327     5
  328     3
  329     7
  330     8
  331    11
  332    10
  333     7
  334     7
  335     5
  336     6
